9
933 011011110110110111110111111101101101110111110110111111110110111011011110111011111011101101101101101110110111110110111110110111011011101101111011011011111011101101110110111101111011011101111011011011111011011011111011011101101111011111101110110111101110110111101111011011011011011101111011110111101110110110110111011011101101101111011011011101110111011011011011011101111011101101101111011101110110110110110111011011111111011011110111011101101111011111110110110111110111011011110110110111011101101110110110110111011011111101101111011011110110110111011011011110110110110111111011101101101101101101101101101101101111111011110110110110110111011111011101111011101101101110110111011011101101101111111011011101101110111011011101110110110111111111011011011011011011011011011011101111101111111101111011011110110110110110111011011110111101101101101111101111110110110110111101101101101111111110110111011011011111101111110110110110110111011011110
412 0110111011101101110111110111011101101101101101110110110111011101101111011011011011011111011101101101101101111101111011101101110110111101101110111101110110110110111011011101101101111101111110111011011101101110110110110111111101101111110110110110110110110111111101111011011111110110111011011101110110110110110110111101101110111101111101111111011101110110111011011011011101111111011011110111111011111110110110111111
139 1111110111111011101101111101101111101101110110110111011101111011011011011110111011101110110110111101101101111101111110111011101101110111011
688 1101110111110110111011110111011011110110111011101101101110110110111110111101110110110110110111101101110111101111111011111011110111111101101101111111110110111011011101110110111011101110111011101111101110110110111011110111011101111011011011011101111111110110110111101110111011011011011011111101110111011101110110110110111111101111011101111111011011110111101101101111011011110111101110110111111011110111101101101111101111101111101101101111101111011101101110110110111011110110110111011110111110111101110110111011101101110110111110110110110110111011011011011011111011011011011101101101110110111110111110110110110110110111011111011011101110110110110111011101101110110110110111101101101110111011
187 1000001011011100110111111011111010110001111100000100010111100101000010100011110010101001010111000100101011000111000111111110000101100111101100100001011011000000011100111001101110010110010
605 10110110111110110111011101110111011011011111011011011011111011110110110110111011101101101110110111011011011011101111101101110111011011111111011111011011111011011011011011011011101101101101101101101101101101111011101110110111111011011111011101111011110110110110110111101110111110111011011101101111011011110111110110111011110111101111011110111101111110110111101110111011011011011111110110111110110111011011101110110110111011101111110111011110110110111011101101101101110110111011011111011011011011011011110111111011110110110111101110111101110110111111011011101111101101110111111101101111011101110110111110111
28 1011011011011011011111011100
923 01111011111101110111011110110111011101101101101111101111011011011111111011101110110110110110111011101111011011011110110111101101101111111011110110111101110111101111101101110111110111101110111011011111111110110110110110110110111101110111011011011011011011101111011011101110110111011011011111011011101101110110110111011011111101110110111111011011101101101101101101101111011011111110110111101111110110110110110111011101110111011011011011011110110110111101101101101101111111101101101110110111011011011101101111110111011011101111011101101101101111110111011011011101110110111101101101111011011011101111011011011101101111111011011011111101111101111011011101101101101111101101101111101101101101111011011111011101110110110111011101101111011011101101101101111011011011111101110111011011111011111101101101101101101101111011101111111011111011011111101111011101101101101101101110111110110110111011101110110110110110110110110110110110111
899 00101011100110100110001110100001001011100000111101101011000110000100000000101010110000101000000001001001100000001100010010011000110011011110011000100001101000110101011101000101001111110111010011101000100110001110011111010110000000101000110111110000111110000000101010000010110100010001000011010001101110011100010011011100001011110101110111001110000011000001100011110101010100100110100110110100110010110000111100101100100111001110100000100110011110101101000011110011100101000100100101001110000111101010100111001000010010010001110000101110110100100010110101101001010100101101011011000001100111010011000011010111001011111001001000010001110110010001101000111000010100011011111011110011000111101010010111100001111011101000000100011001100111010011010001111110101111110111010111010011010110111000001101001110101001101111110000100100010110011101101010101110010000011100101010001001000011110110010010011000101
