9
449 01101111111111111111011011101101110111011101101111011011011110110111110110111111011111101111111011011110111111011101101111111011101101111111011011110111111110111111101110111111111011101111111011110111011101111101101111111011111011011111101111111110111101111111011110111110111011111111111101111011111110110111011101101101111011111011101110111111111101110110110110110111110111011111111111110111011110111110111111101111011110111101101110111011111111110
692 01111100111110011010111000111001111110111111101010101001001100101110111010111100100110110110111111111001111111100110111111111010111111111001011000001001010011101101110101011111100111011111111100010101111110111111101010111110111111111111110011010111111110110111111010101111111111111111111111011011111011110111100110110100110101111100101101110111111111111110111011111110010101110111111101100111101110100010100111110110111111110100111111011111111111101111111011001110110101111111010110110111111011111111011001011100011011111111001111111110111111111101101000110111111110100010111011111111110111011111111111111111111101110111011111010100110010010000011001101110101100111110111010001111101001111101
975 011101111011111111101111011101101110111110111111011111111110111110111101111101110111111111111011111101111110111110111111111011111111101101101101101110111111101110111111111101111111111011111111101101110111011111101101111101111011011011011101110111111011101111111011011111011111101101111011111111111110111011111111111111111110111111111111111011110111111111011111011111101111111011011111101101101101110111101110111011111110111101111011110111011101110111110111111111011111111111101101111011111101110110111101101111111011011011111111011111011101111011011110111101101101111011011011111011011011011011101111011110110111011101111101101111111110110111110111111110111111101101111011011011101101111011011110110111101111110111101111011011011011111101111101111111110111111110111011101111110111101111101111110110111110111110110110111011011011110111011111111101101111110111111111111110111101101111111101111111111101111101111110110110111011011110111111111111111111101101101110111111101101111
597 111110111011011011011011101110111101111011110111110111011011111111111110111111111110111101101111111011011110110111011011011011101101101110110110111111101110111101110111011101101111101101110111011011110111101111111111111110110111111101111111011011011111011110111011110110111110110111101101111110110110111110111011111011011011011111101111111111111111111110110111011101110111111111011111101101101111111101111101110110110110111011111111111110111011011011111111111101111110111110111101101111111101110111110111111101111011101101101111111111101111011011110111011110110110111101111111111111111110111111111
84 001011100101110111001110101111011101011110111111101110101111111101110111111111111101
480 111011111011011111011111101111011101111011011111101111110111101101101111111110110111011111011011011101101110110111011111111111111101111111011011101111011111011110111101110111101111101110111011011011011011011110111011111011111111110110111111111011011101110111011011101110111101101111110111111011111111111011011111110111101111111110111011101110111011111111111011110111011101111111101101101110111011101111101110110111101101110111011011111101111110110111110110111101101111111111111101
774 101101111011101111111111011101111111110111111011111101111011011111111011111111110111111011111101110111111011101111110111011111110110111111111111011111101110110110111101101111101111011011011101111111011111011111101101111011111111111011011111110111111111011110111110111101111011110110110111111011111110111011111101111110111111111110111111111101110110110110111101110111011110111101110110111111111011111111011111011011111011011111111111110111011011111101110111111011101110111101101111011101111111111011011011101101101111110111011101110111101101111101101101101110111101101111011111111011101111111111111011111110110111011011101111111110110111111101101111011111110111110111110111111111101111011101101111101110111110111111101111111111111101101111111011110111111011110111011101110111
924 011101110111111011111011011111011111110111011011011101101111101111101111111111011111101111101101101110111011111110111011101111111011011011011110110110110110110111011011101101111111110111110111011011111101111011101111111011110111111011111011011111101111011110111011111011101111011101111101111011011111011111111111110111101111011110111011011101110111101110111110111011111101111101111011011011101111101111110111011110110110110111101111111101101111111101101111110110111011101111111011111110111111011111111101101110110111011111110111101110111111111110110110110111111111011011110111011101110110111110110111111101111110111011111101111011111111011011011101101101111111011101101110111110111011011011011011111110111101101101111111101101111011011101101111011110111110111111011011011111011111011011011111011111011111111110111111011011011011101101101111101101111011011101101110111111011111011011011011111111111111011110111110111111011011
660 111111111011111011101110111011111101101111101111111011111011011111110111110111011111111011101101111011011110111111111101110111111101111111011101111110111111111111111101111111111011101111111111101101101101111011101111101101101111111111111111111111011111111011101111011101101111111011111101111111011011011110110110110111011111111011101111101111111111011011101111011111111101101110110110111011110111101111111111011011111101111011110111011101110111111011101110111110111011101111011101101110110111101110111011011011111111011101101110111111011111101101110111101111111011111011110111111011101111011011101111101111110110110110110111110111101101111011110110111011111100
