10
55 1111011111011011011011011110111011110110111011011101100
97 1100001010001101010011010110010010111011100100001110101010010111010110010100010000110101111000100
66 110111011110111011011011101110110111110110111011110111011101101101
49 1101101110111011011111011011011011011011101101111
76 1011111100010111000111110101010100010000001000001110101100110010011101111001
42 010100001001110000101100101010011110001101
81 110110111110111101111110110110111011011011101101101101101101110110110111111111011
26 00000001111111000111001100
85 0110110111011011111011101111111011011110110110111111101111011111101101101101111101110
37 0111100100010100111100100110011001110
